 0.000000
 0.000000
 0.000000
 0.000000
14.000000
13.666667
14.333333
13.666667
15.000000
12.666667
14.333333
15.000000
11.000000
11.666667
12.666667
13.000000
10.666667
10.333333
13.000000
14.000000
12.000000
14.333333
12.000000
12.666667
11.666667
11.666667
13.000000
11.000000
14.333333
13.333333
12.666667
13.333333
11.666667
13.333333
13.000000
11.666667
10.000000
12.666667
11.333333
10.333333
12.666667
12.000000
 9.333333
12.666667
12.666667
13.000000
10.333333
11.333333
13.000000
10.666667
13.000000
11.333333
13.666667
12.000000
14.333333
11.333333
12.000000
11.000000
11.666667
13.000000
12.000000
12.666667
12.333333
12.333333
11.666667
11.000000
12.000000
14.666667
12.000000
10.666667
12.000000
11.333333
12.333333
13.000000
10.333333
11.333333
13.333333
12.000000
14.333333
11.333333
11.666667
12.333333
13.000000
10.666667
11.333333
11.000000
13.333333
12.333333
10.666667
12.000000
13.000000
13.333333
11.333333
10.666667
11.333333
11.333333
10.666667
12.000000
12.000000
12.666667
11.000000
10.666667
11.666667
13.000000
12.000000
11.333333
12.333333
10.333333
 9.333333
11.000000
13.000000
 9.000000
13.000000
12.000000
15.000000
 9.000000
12.666667
10.333333
13.333333
11.000000
14.000000
11.666667
12.666667
12.333333
12.666667
13.000000
13.333333
12.000000
12.666667
12.000000
13.000000
12.666667
11.666667
13.666667
10.666667
11.666667
12.666667
11.666667
11.333333
11.333333
 8.333333
13.666667
11.000000
12.000000
10.000000
13.000000
12.000000
10.333333
10.666667
12.333333
12.666667
13.000000
13.333333
12.333333
12.000000
13.000000
14.333333
11.666667
12.000000
12.333333
13.333333
12.666667
13.000000
12.000000
11.666667
12.666667
13.000000
15.333333
13.000000
12.333333
12.666667
12.000000
12.666667
14.666667
13.666667
12.666667
13.000000
12.000000
16.333333
12.666667
13.333333
14.333333
16.000000
15.666667
13.666667
13.333333
12.333333
14.000000
13.333333
13.000000
15.333333
13.333333
16.333333
12.333333
12.666667
12.333333
13.333333
14.000000
12.666667
15.000000
13.666667
14.666667
14.333333
13.333333
14.000000
14.666667
13.333333
13.666667
13.666667
14.000000
15.000000
15.666667
15.333333
13.000000
15.333333
15.000000
14.333333
13.666667
14.333333
14.000000
12.666667
13.333333
13.000000
15.000000
14.000000
15.666667
13.000000
13.333333
15.000000
15.000000
13.000000
14.333333
15.000000
14.000000
15.000000
15.333333
14.333333
16.666667
13.333333
14.333333
14.000000
15.666667
14.000000
15.666667
15.000000
15.000000
13.000000
14.666667
14.333333
15.666667
Apathetic: 77.3102310231023
Spectators: 22.64748728926947
Transitionals: 1.222222222222222
Gladiators: 1.3749999999999998
