 0.000000
 0.000000
 0.000000
 0.000000
15.000000
13.333333
16.666667
14.666667
17.333333
15.000000
15.000000
14.333333
16.333333
16.000000
13.666667
17.000000
13.666667
13.333333
16.333333
15.666667
15.666667
14.333333
15.666667
13.000000
15.333333
16.333333
15.000000
15.333333
16.666667
15.666667
18.000000
15.333333
18.333333
16.333333
17.666667
18.000000
19.666667
21.000000
18.666667
18.000000
18.333333
19.666667
15.000000
21.333333
20.000000
21.333333
17.666667
16.333333
21.333333
23.000000
21.333333
20.666667
19.000000
20.000000
22.333333
18.666667
21.333333
20.666667
23.333333
23.000000
26.333333
25.333333
23.666667
23.333333
21.666667
22.000000
25.666667
22.000000
24.333333
25.666667
27.666667
24.333333
20.333333
25.000000
26.000000
25.666667
26.000000
23.333333
22.000000
20.666667
27.666667
23.333333
23.666667
24.333333
25.000000
25.333333
24.333333
21.333333
28.333333
29.333333
26.666667
25.333333
24.000000
27.000000
25.333333
26.333333
27.333333
30.000000
28.666667
25.000000
32.000000
30.666667
28.666667
30.333333
31.000000
31.333333
32.333333
30.333333
34.000000
31.333333
31.666667
31.000000
32.333333
31.666667
33.333333
29.666667
35.333333
31.000000
33.666667
29.666667
29.666667
35.333333
32.666667
33.333333
34.000000
33.666667
34.333333
32.000000
33.333333
31.333333
36.666667
35.000000
33.333333
33.333333
34.333333
35.000000
33.666667
33.333333
32.666667
35.000000
37.000000
37.000000
35.666667
39.000000
38.666667
37.000000
38.000000
36.000000
37.666667
38.666667
41.333333
38.000000
39.666667
38.000000
38.000000
37.666667
38.000000
42.666667
43.000000
41.000000
39.666667
39.666667
40.666667
41.000000
42.000000
45.000000
46.000000
42.000000
41.000000
42.333333
43.666667
46.000000
42.666667
46.000000
46.333333
44.666667
46.333333
45.000000
44.666667
44.666667
45.000000
44.666667
46.666667
46.666667
42.000000
46.666667
46.000000
41.666667
46.666667
49.666667
44.666667
48.000000
48.666667
51.333333
45.000000
52.000000
50.666667
53.333333
53.333333
49.333333
48.666667
48.000000
49.666667
50.666667
54.666667
54.333333
55.333333
53.666667
49.333333
53.666667
56.666667
53.666667
55.000000
55.000000
54.666667
56.666667
58.666667
60.333333
51.333333
54.666667
53.666667
54.666667
53.666667
54.333333
51.000000
56.666667
52.666667
57.000000
58.666667
53.666667
57.333333
60.000000
59.666667
56.666667
55.000000
57.333333
62.000000
56.000000
59.666667
59.666667
61.333333
57.666667
56.333333
59.666667
59.000000
58.333333
62.333333
62.333333
59.000000
57.666667
Apathetic: 44.82508250825082
Spectators: 50.75247524752475
Transitionals: 4.688383838383839
Gladiators: 1.7604895104895104
