 0.000000
 0.000000
 0.000000
 0.000000
12.000000
15.000000
16.000000
13.666667
14.333333
15.666667
15.000000
15.666667
15.333333
14.666667
14.000000
15.000000
13.666667
16.333333
16.000000
13.333333
13.333333
15.000000
14.666667
12.000000
13.666667
15.666667
13.000000
14.666667
12.333333
13.666667
14.000000
13.000000
14.000000
14.666667
15.666667
13.000000
14.666667
14.000000
15.666667
13.666667
15.000000
14.000000
12.000000
13.333333
13.333333
13.000000
14.333333
14.333333
13.666667
12.666667
13.666667
14.000000
15.000000
14.666667
13.000000
14.000000
14.333333
12.666667
12.333333
12.333333
13.000000
11.666667
12.333333
12.000000
14.333333
14.333333
12.666667
11.333333
13.333333
11.333333
10.666667
14.000000
13.000000
12.333333
12.333333
12.000000
14.666667
11.000000
11.333333
11.000000
13.000000
12.000000
14.000000
10.333333
10.666667
14.000000
12.000000
12.666667
12.000000
11.000000
13.000000
14.000000
12.333333
11.000000
11.333333
10.666667
11.000000
12.666667
12.000000
12.333333
13.000000
12.333333
12.333333
12.666667
11.000000
13.000000
12.000000
11.333333
12.333333
10.666667
12.666667
13.666667
11.666667
11.666667
11.000000
 9.666667
13.333333
13.666667
13.000000
10.333333
13.000000
12.333333
12.000000
13.000000
13.000000
13.000000
12.333333
13.333333
12.333333
11.666667
13.666667
12.666667
14.666667
13.666667
14.333333
12.666667
12.666667
13.333333
12.333333
12.666667
14.000000
11.000000
10.666667
12.000000
13.000000
13.333333
11.333333
13.666667
12.000000
14.333333
13.333333
13.333333
14.000000
13.666667
14.666667
13.666667
14.000000
12.666667
13.000000
11.333333
13.000000
14.666667
12.333333
13.000000
14.333333
13.333333
13.333333
12.000000
13.333333
12.333333
11.666667
14.666667
14.333333
12.666667
15.000000
15.333333
14.000000
13.000000
15.666667
15.000000
12.666667
13.333333
15.000000
15.000000
16.000000
14.333333
12.666667
14.000000
13.000000
14.666667
14.666667
13.333333
14.000000
14.000000
13.666667
14.000000
13.666667
13.666667
12.333333
14.000000
13.666667
13.000000
12.000000
14.000000
13.333333
13.333333
14.666667
14.000000
11.333333
12.666667
14.333333
12.666667
12.000000
13.333333
14.666667
14.333333
11.000000
12.333333
11.333333
12.000000
12.000000
12.333333
15.666667
13.000000
12.000000
13.000000
12.000000
14.000000
14.666667
12.333333
14.000000
13.666667
13.666667
15.333333
15.000000
13.000000
16.333333
14.333333
14.333333
12.666667
13.000000
14.000000
12.333333
14.666667
13.666667
12.666667
14.666667
13.666667
13.333333
11.666667
Apathetic: 77.97689768976898
Spectators: 22.28715352738281
Transitionals: 0.4247311827956989
Gladiators: 1.0
